iPhone XS 

2 images
18.771791
4.250083
5.333583
24.561416
22.863458
20.345125
24.279125
14.198583
23.222292
23.153916
20.610625
23.774042
22.413333
19.759625
23.056833
19.705625
21.213417
22.476375
22.95425
19.944666
22.4285
22.39975
14.842875
22.704875
22.687083
23.559083
21.138417

5 images
11.200042
53.951458
53.586208
29.730042
49.318666
44.654
54.486292
48.918334
54.599333
52.610334
49.115583
40.4755
55.161958
46.842917
48.892333
15.731125
50.127167
48.585625
44.864375
42.269375
50.12225

8 images
79.164333
76.368292
76.142917
71.110959
80.761417
72.943833
74.49625
73.816167
76.275666
89.77425
81.9855
71.556083
76.192916
67.932291
70.299208
76.58675
79.121916
85.67375
72.568333
85.254833
76.80925


iPhone 6

2 images
55.076375
61.283
68.093667
67.023666
66.974125
53.289958
66.731625
57.086417
67.055791
68.651917
60.878292
68.387959
68.363583
66.986667
71.604916
68.179959
68.16275
67.329792
68.349375
59.939375
67.403458
68.292542
66.202042
65.807541
68.267583
66.880916
68.466375

5 images
176.403417
148.418917
186.998166
164.897417
171.368416
156.311708
159.452625
172.962708
173.165
152.840584
151.18025
168.500958
168.573792
136.537166
158.147583
166.916333
160.103291
178.206292
169.45425
160.732708
159.706417
173.305
165.780166
146.005166
170.017
170.530625
158.914875

8 images
278.032666
242.738709
274.07175
253.533584
277.200125
261.706375
249.966667
265.318416
250.976625
230.1755
273.621125
271.272583
258.728708
233.817625
265.491958
263.912667
252.119708
273.642625
284.078834
248.620541
268.602791
257.269291
247.049542
261.843542

Peak Performance!

2 images
69.334959
68.317542
68.810708
66.476625
59.403584
68.38125
59.845459
67.410292
54.477667
68.938375
65.1415
67.759166
68.07525
67.967959
64.070041
64.549333
68.817083
61.627792
69.566375
69.55275
68.817208
67.379541
67.193792
66.322459
67.153958
70.411166
65.615875

5 images
172.47475
171.121542
163.882417
134.319
167.444834
139.613667
170.199333
134.099
169.280542
176.091417
136.46675
162.540167
169.446459
166.809
135.40375
161.569083
174.808083
148.61125
137.035084
159.096792
143.231708
166.177667
176.06075
169.474708
167.131542
157.928292
166.38925
156.082333
154.378959

8 images 
270.019208
274.990416
269.144959
268.802125
250.070709
254.253041
274.743083
271.212625
268.065292
274.780041
259.2215
255.538958
257.331084
261.8355
226.207625
262.657917
269.581958
263.39675
263.076125
266.825709
267.093
276.970958
254.591166
266.443584
265.024917
270.010125
